K: [926.4746704101562, 0.0, 627.109619140625, 0.0, 925.6631469726562, 369.2387390136719, 0.0, 0.0, 1.0]
R: [1.0, 0.0, 0.0, 0.0, 1.0, 0.0, 0.0, 0.0, 1.0]
P: [926.4746704101562, 0.0, 627.109619140625, 0.0, 0.0, 925.6631469726562, 369.2387390136719, 0.0, 0.0, 0.0, 1.0, 0.0]
